Tenor,CDS,DF,Lambda,PD,P
0,,1,,0,1
0.5,114.4,0.995834793,0.018976356,0.009443307,0.990556693
1,133.77,0.990963005,0.022197422,0.012509565,0.978047128
1.5,167.18,0.985696663,0.027797843,0.018886541,0.959160588
2,200.59,0.98010504,0.033451744,0.023875124,0.935285464
2.5,233.965,0.974101112,0.039174425,0.02857859,0.906706874
3,267.34,0.967832361,0.044993708,0.032974468,0.873732405
3.5,296.545,0.96123247,0.050170389,0.034775856,0.838956549
4,325.75,0.954239279,0.055470681,0.03794725,0.801009299
4.5,353.2,0.94689889,0.060575656,0.039604742,0.761404557
5,380.65,0.939187228,0.065842403,0.041914099,0.719490458
