    z
Out[217]: 
array([[  1.00000000e+00,  -5.29475818e-03,   0.00000000e+00],
       [  1.00000000e+00,  -1.46567220e-02,  -2.15325254e-02],
       [  1.00000000e+00,  -5.24278086e-02,  -3.67362036e-02],
       [  1.00000000e+00,  -3.05286068e-02,  -1.95446551e-02],
       [  1.00000000e+00,   1.54873573e-02,   7.21090163e-03],
       [  1.00000000e+00,   6.40111337e-04,   0.00000000e+00],
       [  1.00000000e+00,  -3.67151648e-02,  -2.71451093e-02],
       [  1.00000000e+00,   4.19559455e-03,   6.02213106e-03],
       [  1.00000000e+00,  -6.62734793e-02,  -3.59971397e-02],
       [  1.00000000e+00,  -1.25579349e-02,  -1.53312814e-02],
       [  1.00000000e+00,  -3.51850240e-02,  -3.93892637e-02],
       [  1.00000000e+00,  -8.43257503e-03,  -2.44005764e-02],
       [  1.00000000e+00,   2.24119268e-02,   1.48592861e-02],
       [  1.00000000e+00,  -3.74686888e-02,  -4.52567284e-02],
       [  1.00000000e+00,   2.37362881e-02,   2.66479972e-02],
       [  1.00000000e+00,   1.48042676e-03,   3.74944506e-03]])

Z
Out[287]: 
array([[  1.00000000e+00,   1.00000000e+00,   1.00000000e+00,
          1.00000000e+00,   1.00000000e+00,   1.00000000e+00,
          1.00000000e+00,   1.00000000e+00,   1.00000000e+00,
          1.00000000e+00,   1.00000000e+00,   1.00000000e+00,
          1.00000000e+00,   1.00000000e+00,   1.00000000e+00,
          1.00000000e+00],
       [ -5.29475818e-03,  -1.46567220e-02,  -5.24278086e-02,
         -3.05286068e-02,   1.54873573e-02,   6.40111337e-04,
         -3.67151648e-02,   4.19559455e-03,  -6.62734793e-02,
         -1.25579349e-02,  -3.51850240e-02,  -8.43257503e-03,
          2.24119268e-02,  -3.74686888e-02,   2.37362881e-02,
          1.48042676e-03],
       [  0.00000000e+00,  -2.15325254e-02,  -3.67362036e-02,
         -1.95446551e-02,   7.21090163e-03,   0.00000000e+00,
         -2.71451093e-02,   6.02213106e-03,  -3.59971397e-02,
         -1.53312814e-02,  -3.93892637e-02,  -2.44005764e-02,
          1.48592861e-02,  -4.52567284e-02,   2.66479972e-02,
          3.74944506e-03]])
	   
y_sample
Out[218]: 
array([[-0.01465672, -0.02153253],
       [-0.05242781, -0.0367362 ],
       [-0.03052861, -0.01954466],
       [ 0.01548736,  0.0072109 ],
       [ 0.00064011,  0.        ],
       [-0.03671516, -0.02714511],
       [ 0.00419559,  0.00602213],
       [-0.06627348, -0.03599714],
       [-0.01255793, -0.01533128],
       [-0.03518502, -0.03938926],
       [-0.00843258, -0.02440058],
       [ 0.02241193,  0.01485929],
       [-0.03746869, -0.04525673],
       [ 0.02373629,  0.026648  ],
       [ 0.00148043,  0.00374945],
       [-0.00296679,  0.01264441]])

Y
Out[243]: 
array([[-0.01465672, -0.05242781, -0.03052861,  0.01548736,  0.00064011,
        -0.03671516,  0.00419559, -0.06627348, -0.01255793, -0.03518502,
        -0.00843258,  0.02241193, -0.03746869,  0.02373629,  0.00148043,
        -0.00296679],
       [-0.02153253, -0.0367362 , -0.01954466,  0.0072109 ,  0.        ,
        -0.02714511,  0.00602213, -0.03599714, -0.01533128, -0.03938926,
        -0.02440058,  0.01485929, -0.04525673,  0.026648  ,  0.00374945,
         0.01264441]])
		
params
Out[219]: 
array([[-0.018637  , -0.01488871],
       [ 0.28281404,  0.14702519],
       [-0.64989913, -0.37743197]])
	   
beta_hat
Out[290]: 
array([[-0.018637  ,  0.28281404, -0.64989913],
       [-0.01488871,  0.14702519, -0.37743197]])

resid
Out[220]: 
array([[ 0.00547771, -0.00586536],
       [-0.04363965, -0.02781965],
       [-0.02093911, -0.01081316],
       [ 0.03005622,  0.01921131],
       [ 0.01958343,  0.0153333 ],
       [-0.0182592 , -0.01235051],
       [ 0.01557458,  0.01606346],
       [-0.04490927, -0.01945235],
       [ 0.00142763, -0.00428517],
       [-0.02296025, -0.02844074],
       [-0.0054438 , -0.01920555],
       [ 0.02757586,  0.02177824],
       [-0.01551306, -0.02805477],
       [ 0.02355765,  0.02996421],
       [ 0.03072298,  0.02520613],
       [ 0.01768829,  0.02873062]])
resid_hat
Out[292]: 
array([[ 0.00547771, -0.04363965, -0.02093911,  0.03005622,  0.01958343,
        -0.0182592 ,  0.01557458, -0.04490927,  0.00142763, -0.02296025,
        -0.0054438 ,  0.02757586, -0.01551306,  0.02355765,  0.03072298,
         0.01768829],
       [-0.00586536, -0.02781965, -0.01081316,  0.01921131,  0.0153333 ,
        -0.01235051,  0.01606346, -0.01945235, -0.00428517, -0.02844074,
        -0.01920555,  0.02177824, -0.02805477,  0.02996421,  0.02520613,
         0.02873062]])

avobs
Out[221]: 16

df_resid
Out[222]: 13


sse
Out[223]: 
array([[ 0.00962424,  0.00741101],
       [ 0.00741101,  0.00713451]])
	   


omega
Out[225]: 
array([[ 0.00074033,  0.00057008],
       [ 0.00057008,  0.00054881]])

	   
ols_scale
Out[296]: 
array([[ 0.00074033,  0.00057008],
       [ 0.00057008,  0.00054881]])

Summary of Regression Results   
==================================
Model:                         VAR
Method:                        OLS
Date:           Sun, 09, Jul, 2017
Time:                     18:37:41
--------------------------------------------------------------------
No. of Equations:         2.00000    BIC:                   -16.3961
Nobs:                     17.0000    HQIC:                  -16.4844
Log likelihood:           93.9559    FPE:                6.86786e-08
AIC:                     -16.4941    Det(Omega_mle):     6.12596e-08
--------------------------------------------------------------------
Results for equation Returns1
========================================================================
           coefficient       std. error           t-stat            prob
------------------------------------------------------------------------
const        -0.013797         0.006252           -2.207           0.042
========================================================================

Results for equation Returns2
========================================================================
           coefficient       std. error           t-stat            prob
------------------------------------------------------------------------
const        -0.011423         0.005297           -2.156           0.047
========================================================================

Correlation matrix of residuals
            Returns1  Returns2
Returns1    1.000000  0.898199
Returns2    0.898199  1.000000